# FIBERD [arcsec]   FIBERSEP [arcsec]
0.59  0.59
# NFIBX	NFIBY
22  13
# col 1: fiber ID, starts with 1, IDs 1-224 belong to left unit, 225-448 belong to right unit
# col 2: fiber x position ["]
# col 3: fiber y position ["]
# col 4: target unit spectrograph L=left, R=right
# col 5: target fiber within the spectrograph, fiber numbers start with 1 within each spectrograph
# col 6: relative throughput at fiducial wavelength
# 
1 6.195 3.54 L 1 1.0
2 5.605 3.54 L 2 1.0
3 5.015 3.54 L 3 1.0
4 4.425 3.54 L 4 1.0
5 3.835 3.54 L 5 1.0
6 3.245 3.54 L 6 1.0
7 2.655 3.54 L 7 1.0
8 2.065 3.54 L 8 1.0
9 1.475 3.54 L 9 1.0
10 0.885 3.54 L 10 1.0
11 0.295 3.54 L 11 1.0
12 -0.295 3.54 L 12 1.0
13 -0.885 3.54 L 13 1.0
14 -1.475 3.54 L 14 1.0
15 -2.065 3.54 L 15 1.0
16 -2.655 3.54 L 16 1.0
17 -3.245 3.54 L 17 1.0
18 -3.835 3.54 L 18 1.0
19 -4.425 3.54 L 19 1.0
20 -5.015 3.54 L 20 1.0
21 -5.605 3.54 L 21 1.0
22 -6.195 3.54 L 22 1.0
23 5.9 2.95 L 23 1.0
24 5.31 2.95 L 24 1.0
25 4.72 2.95 L 25 1.0
26 4.13 2.95 L 26 1.0
27 3.54 2.95 L 27 1.0
28 2.95 2.95 L 28 1.0
29 2.36 2.95 L 29 1.0
30 1.77 2.95 L 30 1.0
31 1.18 2.95 L 31 1.0
32 0.59 2.95 L 32 1.0
33 0 2.95 L 33 1.0
34 -0.59 2.95 L 34 1.0
35 -1.18 2.95 L 35 1.0
36 -1.77 2.95 L 36 1.0
37 -2.36 2.95 L 37 1.0
38 -2.95 2.95 L 38 1.0
39 -3.54 2.95 L 39 1.0
40 -4.13 2.95 L 40 1.0
41 -4.72 2.95 L 41 1.0
42 -5.31 2.95 L 42 1.0
43 -5.9 2.95 L 43 1.0
44 6.195 2.36 L 44 1.0
45 5.605 2.36 L 45 1.0
46 5.015 2.36 L 46 1.0
47 4.425 2.36 L 47 1.0
48 3.835 2.36 L 48 1.0
49 3.245 2.36 L 49 1.0
50 2.655 2.36 L 50 1.0
51 2.065 2.36 L 51 1.0
52 1.475 2.36 L 52 1.0
53 0.885 2.36 L 53 1.0
54 0.295 2.36 L 54 1.0
55 -0.295 2.36 L 55 1.0
56 -0.885 2.36 L 56 1.0
57 -1.475 2.36 L 57 1.0
58 -2.065 2.36 L 58 1.0
59 -2.655 2.36 L 59 1.0
60 -3.245 2.36 L 60 1.0
61 -3.835 2.36 L 61 1.0
62 -4.425 2.36 L 62 1.0
63 -5.015 2.36 L 63 1.0
64 -5.605 2.36 L 64 1.0
65 -6.195 2.36 L 65 1.0
66 5.9 1.77 L 66 1.0
67 5.31 1.77 L 67 1.0
68 4.72 1.77 L 68 1.0
69 4.13 1.77 L 69 1.0
70 3.54 1.77 L 70 1.0
71 2.95 1.77 L 71 1.0
72 2.36 1.77 L 72 1.0
73 1.77 1.77 L 73 1.0
74 1.18 1.77 L 74 1.0
75 0.59 1.77 L 75 1.0
76 0 1.77 L 76 1.0
77 -0.59 1.77 L 77 1.0
78 -1.18 1.77 L 78 1.0
79 -1.77 1.77 L 79 1.0
80 -2.36 1.77 L 80 1.0
81 -2.95 1.77 L 81 1.0
82 -3.54 1.77 L 82 1.0
83 -4.13 1.77 L 83 1.0
84 -4.72 1.77 L 84 1.0
85 -5.31 1.77 L 85 1.0
86 -5.9 1.77 L 86 1.0
87 6.195 1.18 L 87 1.0
88 5.605 1.18 L 88 1.0
89 5.015 1.18 L 89 1.0
90 4.425 1.18 L 90 1.0
91 3.835 1.18 L 91 1.0
92 3.245 1.18 L 92 1.0
93 2.655 1.18 L 93 1.0
94 2.065 1.18 L 94 1.0
95 1.475 1.18 L 95 1.0
96 0.885 1.18 L 96 1.0
97 0.295 1.18 L 97 1.0
98 -0.295 1.18 L 98 1.0
99 -0.885 1.18 L 99 1.0
100 -1.475 1.18 L 100 1.0
101 -2.065 1.18 L 101 1.0
102 -2.655 1.18 L 102 1.0
103 -3.245 1.18 L 103 1.0
104 -3.835 1.18 L 104 1.0
105 -4.425 1.18 L 105 1.0
106 -5.015 1.18 L 106 1.0
107 -5.605 1.18 L 107 1.0
108 -6.195 1.18 L 108 1.0
109 5.9 0.59 L 109 1.0
110 5.31 0.59 L 110 1.0
111 4.72 0.59 L 111 1.0
112 4.13 0.59 L 112 1.0
113 3.54 0.59 L 113 1.0
114 2.95 0.59 L 114 1.0
115 2.36 0.59 L 115 1.0
116 1.77 0.59 L 116 1.0
117 1.18 0.59 L 117 1.0
118 0.59 0.59 L 118 1.0
119 0 0.59 L 119 1.0
120 -0.59 0.59 L 120 1.0
121 -1.18 0.59 L 121 1.0
122 -1.77 0.59 L 122 1.0
123 -2.36 0.59 L 123 1.0
124 -2.95 0.59 L 124 1.0
125 -3.54 0.59 L 125 1.0
126 -4.13 0.59 L 126 1.0
127 -4.72 0.59 L 127 1.0
128 -5.31 0.59 L 128 1.0
129 -5.9 0.59 L 129 1.0
130 6.195 0.0 L 130 1.0
131 5.605 0.0 L 131 1.0
132 5.015 0.0 L 132 1.0
133 4.425 0.0 L 133 1.0
134 3.835 0.0 L 134 1.0
135 3.245 0.0 L 135 1.0
136 2.655 0.0 L 136 1.0
137 2.065 0.0 L 137 1.0
138 1.475 0.0 L 138 1.0
139 0.885 0.0 L 139 1.0
140 0.295 0.0 L 140 1.0
141 -0.295 0.0 L 141 1.0
142 -0.885 0.0 L 142 1.0
143 -1.475 0.0 L 143 1.0
144 -2.065 0.0 L 144 1.0
145 -2.655 0.0 L 145 1.0
146 -3.245 0.0 L 146 1.0
147 -3.835 0.0 L 147 1.0
148 -4.425 0.0 L 148 1.0
149 -5.015 0.0 L 149 1.0
150 -5.605 0.0 L 150 1.0
151 -6.195 0.0 L 151 1.0
152 5.9 -0.59 L 152 1.0
153 5.31 -0.59 L 153 1.0
154 4.72 -0.59 L 154 1.0
155 4.13 -0.59 L 155 1.0
156 3.54 -0.59 L 156 1.0
157 2.95 -0.59 L 157 1.0
158 2.36 -0.59 L 158 1.0
159 1.77 -0.59 L 159 1.0
160 1.18 -0.59 L 160 1.0
161 0.59 -0.59 L 161 1.0
162 0 -0.59 L 162 1.0
163 -0.59 -0.59 L 163 1.0
164 -1.18 -0.59 L 164 1.0
165 -1.77 -0.59 L 165 1.0
166 -2.36 -0.59 L 166 1.0
167 -2.95 -0.59 L 167 1.0
168 -3.54 -0.59 L 168 1.0
169 -4.13 -0.59 L 169 1.0
170 -4.72 -0.59 L 170 1.0
171 -5.31 -0.59 L 171 1.0
172 -5.9 -0.59 L 172 1.0
173 6.195 -1.18 L 173 1.0
174 5.605 -1.18 L 174 1.0
175 5.015 -1.18 L 175 1.0
176 4.425 -1.18 L 176 1.0
177 3.835 -1.18 L 177 1.0
178 3.245 -1.18 L 178 1.0
179 2.655 -1.18 L 179 1.0
180 2.065 -1.18 L 180 1.0
181 1.475 -1.18 L 181 1.0
182 0.885 -1.18 L 182 1.0
183 0.295 -1.18 L 183 1.0
184 -0.295 -1.18 L 184 1.0
185 -0.885 -1.18 L 185 1.0
186 -1.475 -1.18 L 186 1.0
187 -2.065 -1.18 L 187 1.0
188 -2.655 -1.18 L 188 1.0
189 -3.245 -1.18 L 189 1.0
190 -3.835 -1.18 L 190 1.0
191 -4.425 -1.18 L 191 1.0
192 -5.015 -1.18 L 192 1.0
193 -5.605 -1.18 L 193 1.0
194 -6.195 -1.18 L 194 1.0
195 5.9 -1.77 L 195 1.0
196 5.31 -1.77 L 196 1.0
197 4.72 -1.77 L 197 1.0
198 4.13 -1.77 L 198 1.0
199 3.54 -1.77 L 199 1.0
200 2.95 -1.77 L 200 1.0
201 2.36 -1.77 L 201 1.0
202 1.77 -1.77 L 202 1.0
203 1.18 -1.77 L 203 1.0
204 0.59 -1.77 L 204 1.0
205 0 -1.77 L 205 1.0
206 -0.59 -1.77 L 206 1.0
207 -1.18 -1.77 L 207 1.0
208 -1.77 -1.77 L 208 1.0
209 -2.36 -1.77 L 209 1.0
210 -2.95 -1.77 L 210 1.0
211 -3.54 -1.77 L 211 1.0
212 -4.13 -1.77 L 212 1.0
213 -4.72 -1.77 L 213 1.0
214 -5.31 -1.77 L 214 1.0
215 -5.9 -1.77 L 215 1.0
216 6.195 -2.36 L 216 1.0
217 5.605 -2.36 L 217 1.0
218 5.015 -2.36 L 218 1.0
219 4.425 -2.36 L 219 1.0
220 3.835 -2.36 L 220 1.0
221 3.245 -2.36 L 221 1.0
222 2.655 -2.36 L 222 1.0
223 2.065 -2.36 L 223 1.0
224 1.475 -2.36 L 224 1.0
225 0.885 -2.36 L 225 1.0
226 0.295 -2.36 L 226 1.0
227 -0.295 -2.36 L 227 1.0
228 -0.885 -2.36 L 228 1.0
229 -1.475 -2.36 L 229 1.0
230 -2.065 -2.36 L 230 1.0
231 -2.655 -2.36 L 231 1.0
232 -3.245 -2.36 L 232 1.0
233 -3.835 -2.36 L 233 1.0
234 -4.425 -2.36 L 234 1.0
235 -5.015 -2.36 L 235 1.0
236 -5.605 -2.36 L 236 1.0
237 -6.195 -2.36 L 237 1.0
238 5.9 -2.95 L 238 1.0
239 5.31 -2.95 L 239 1.0
240 4.72 -2.95 L 240 1.0
241 4.13 -2.95 L 241 1.0
242 3.54 -2.95 L 242 1.0
243 2.95 -2.95 L 243 1.0
244 2.36 -2.95 L 244 1.0
245 1.77 -2.95 L 245 1.0
246 1.18 -2.95 L 246 1.0
247 0.59 -2.95 L 247 1.0
248 0 -2.95 L 248 1.0
249 -0.59 -2.95 L 249 1.0
250 -1.18 -2.95 L 250 1.0
251 -1.77 -2.95 L 251 1.0
252 -2.36 -2.95 L 252 1.0
253 -2.95 -2.95 L 253 1.0
254 -3.54 -2.95 L 254 1.0
255 -4.13 -2.95 L 255 1.0
256 -4.72 -2.95 L 256 1.0
257 -5.31 -2.95 L 257 1.0
258 -5.9 -2.95 L 258 1.0
259 6.195 -3.54 L 259 1.0
260 5.605 -3.54 L 260 1.0
261 5.015 -3.54 L 261 1.0
262 4.425 -3.54 L 262 1.0
264 3.245 -3.54 L 264 1.0
265 2.655 -3.54 L 265 1.0
266 2.065 -3.54 L 266 1.0
267 1.475 -3.54 L 267 1.0
268 0.885 -3.54 L 268 1.0
269 0.295 -3.54 L 269 1.0
270 -0.295 -3.54 L 270 1.0
271 -0.885 -3.54 L 271 1.0
272 -1.475 -3.54 L 272 1.0
273 -2.065 -3.54 L 273 1.0
275 -3.245 -3.54 L 275 1.0
276 -3.835 -3.54 L 276 1.0
277 -4.425 -3.54 L 277 1.0
278 -5.015 -3.54 L 278 1.0
279 -5.605 -3.54 L 279 1.0
280 -6.195 -3.54 L 280 1.0
